trdunion
prounion
disunion
wrkslf
selfemployed
staysame
Increase
Decrease
respondent
spouse
both
neither_union
democrat
neither_party
republican
male
female
1
2
1
0
2
0
1
0
0
0
0
0
1
1
0
0
0
1
2
3
0
1
2
0
0
1
0
0
0
0
1
1
0
0
0
1
3
2
1
0
2
0
0
0
1
0
0
0
1
0
1
0
0
1
4
3
0
1
2
0
0
1
0
0
0
0
1
1
0
0
1
0
5
3
0
1
2
0
0
0
1
0
0
0
1
0
0
1
1
0
6
2
1
0
2
0
0
1
0
0
0
0
1
0
0
1
0
1
7
2
1
0
2
0
0
1
0
0
0
0
1
1
0
0
1
0
8
2
1
0
2
0
1
0
0
0
0
0
1
1
0
0
0
1
9
2
1
0
2
0
0
0
1
0
0
0
1
1
0
0
0
1
10
3
0
1
2
0
0
1
0
0
0
0
1
0
1
0
0
1
11
1
1
0
2
0
0
0
1
0
0
0
1
1
0
0
0
1
12
2
1
0
2
0
0
1
0
1
0
0
0
0
1
0
1
0
13
4
0
1
1
1
0
0
1
0
0
0
1
0
0
1
1
0
14
1
1
0
2
0
1
0
0
0
0
0
1
1
0
0
1
0
15
2
1
0
2
0
0
1
0
0
0
0
1
1
0
0
0
1
16
2
1
0
2
0
0
1
0
0
0
0
1
1
0
0
0
1
17
2
1
0
2
0
1
0
0
0
0
0
1
1
0
0
0
1
18
3
0
1
2
0
1
0
0
0
0
0
1
0
1
0
1
0
19
4
0
1
2
0
0
1
0
0
0
0
1
0
1
0
1
0
20
2
1
0
2
0
0
1
0
0
0
0
1
0
1
0
0
1
21
3
0
1
2
0
0
0
1
0
0
0
1
1
0
0
0
1
22
3
0
1
2
0
1
0
0
0
0
0
1
0
0
1
0
1
23
4
0
1
2
0
1
0
0
0
0
0
1
0
0
1
1
0
24
2
1
0
2
0
0
1
0
1
0
0
0
1
0
0
0
1
25
1
1
0
2
0
1
0
0
0
0
1
0
1
0
0
1
0
26
2
1
0
2
0
0
1
0
0
0
0
1
0
0
1
0
1
27
1
1
0
2
0
0
1
0
1
0
0
0
0
1
0
1
0
28
1
1
0
2
0
1
0
0
1
0
0
0
0
1
0
1
0
29
4
0
1
2
0
0
1
0
0
0
0
1
0
1
0
0
1
30
1
1
0
1
1
0
1
0
0
0
0
1
0
1
0
1
0
31
4
0
1
2
0
0
1
0
0
0
0
1
0
0
1
1
0
32
2
1
0
2
0
0
1
0
0
0
0
1
1
0
0
1
0
33
2
1
0
2
0
0
0
1
0
0
0
1
1
0
0
1
0
34
2
1
0
2
0
0
0
1
0
0
0
1
1
0
0
1
0
35
1
1
0
1
1
0
1
0
0
0
0
1
1
0
0
0
1
36
3
0
1
1
1
1
0
0
0
0
0
1
1
0
0
1
0
37
1
1
0
2
0
0
0
1
0
0
0
1
0
1
0
1
0
38
3
0
1
2
0
0
1
0
0
0
0
1
0
0
1
1
0
39
3
0
1
2
0
0
1
0
0
0
0
1
0
1
0
1
0
40
1
1
0
2
0
0
0
1
1
0
0
0
1
0
0
0
1
41
3
0
1
2
0
1
0
0
0
0
0
1
1
0
0
1
0
42
2
1
0
2
0
0
1
0
0
0
0
1
0
1
0
1
0
43
2
1
0
2
0
1
0
0
0
0
0
1
1
0
0
0
1
44
3
0
1
2
0
0
1
0
0
0
0
1
1
0
0
0
1
45
3
0
1
2
0
0
1
0
0
0
0
1
0
1
0
1
0
46
2
1
0
2
0
0
1
0
0
0
0
1
1
0
0
1
0
47
2
1
0
2
0
0
1
0
0
1
0
0
0
0
1
0
1
48
3
0
1
2
0
0
1
0
0
0
0
1
0
1
0
1
0
49
2
1
0
2
0
1
0
0
0
0
0
1
1
0
0
0
1
50
2
1
0
2
0
0
1
0
0
0
0
1
0
1
0
1
0
51
4
0
1
2
0
0
1
0
0
0
0
1
0
0
1
1
0
52
3
0
1
2
0
1
0
0
1
0
0
0
0
0
1
1
0
53
2
1
0
2
0
0
1
0
0
0
0
1
1
0
0
0
1
54
3
0
1
2
0
1
0
0
0
0
0
1
0
0
1
1
0
55
2
1
0
2
0
0
0
1
0
0
0
1
0
0
1
1
0
56
3
0
1
2
0
0
1
0
1
0
0
0
0
1
0
1
0
57
4
0
1
2
0
1
0
0
0
0
0
1
0
0
1
1
0
58
3
0
1
2
0
0
0
1
0
0
0
1
1
0
0
1
0
59
2
1
0
2
0
0
1
0
0
0
0
1
1
0
0
0
1
60
2
1
0
2
0
0
1
0
0
0
0
1
1
0
0
1
0
61
2
1
0
2
0
0
1
0
0
0
0
1
0
0
1
1
0
62
3
0
1
1
1
1
0
0
0
0
0
1
0
1
0
0
1
63
3
0
1
2
0
1
0
0
0
0
0
1
1
0
0
0
1
64
1
1
0
2
0
0
1
0
1
0
0
0
1
0
0
0
1
65
2
1
0
2
0
1
0
0
0
0
0
1
0
0
1
0
1
66
2
1
0
2
0
1
0
0
0
0
0
1
1
0
0
0
1
67
2
1
0
2
0
0
1
0
0
0
0
1
1
0
0
0
1
68
2
1
0
2
0
1
0
0
0
0
0
1
1
0
0
0
1
69
2
1
0
2
0
0
1
0
0
0
0
1
1
0
0
0
1
70
2
1
0
2
0
0
1
0
0
0
0
1
1
0
0
0
1
71
2
1
0
2
0
0
1
0
0
0
0
1
0
1
0
0
1
72
2
1
0
2
0
0
1
0
0
0
0
1
0
0
1
0
1
73
2
1
0
2
0
0
0
1
0
0
0
1
0
0
1
1
0
74
2
1
0
2
0
1
0
0
0
0
0
1
1
0
0
1
0
75
2
1
0
2
0
0
1
0
0
0
0
1
1
0
0
0
1
76
2
1
0
2
0
1
0
0
1
0
0
0
1
0
0
0
1
77
2
1
0
2
0
0
0
1
0
0
0
1
1
0
0
0
1
78
3
0
1
2
0
0
1
0
0
0
0
1
0
1
0
1
0
79
2
1
0
2
0
1
0
0
0
0
0
1
0
1
0
0
1
80
2
1
0
2
0
0
1
0
0
1
0
0
1
0
0
0
1
81
3
0
1
2
0
0
1
0
0
0
0
1
1
0
0
1
0
82
2
1
0
1
1
0
1
0
0
0
0
1
1
0
0
0
1
83
2
1
0
1
1
1
0
0
0
0
0
1
1
0
0
0
1
84
2
1
0
2
0
1
0
0
0
0
0
1
0
1
0
1
0
85
3
0
1
1
1
0
1
0
0
0
0
1
0
0
1
1
0
86
4
0
1
2
0
0
1
0
0
0
0
1
1
0
0
0
1
87
3
0
1
1
1
1
0
0
0
0
0
1
1
0
0
1
0
88
2
1
0
2
0
1
0
0
0
0
0
1
1
0
0
0
1
89
3
0
1
2
0
1
0
0
0
0
0
1
1
0
0
0
1
90
2
1
0
2
0
1
0
0
0
0
0
1
1
0
0
1
0
91
3
0
1
1
1
0
0
1
0
0
0
1
0
1
0
0
1
92
4
0
1
2
0
0
1
0
0
0
0
1
0
1
0
1
0
93
2
1
0
2
0
0
0
1
0
0
0
1
1
0
0
0
1
94
3
0
1
1
1
0
0
1
0
0
0
1
0
0
1
0
1
95
3
0
1
2
0
1
0
0
0
0
0
1
0
0
1
0
1
96
2
1
0
2
0
1
0
0
0
0
0
1
1
0
0
1
0
97
3
0
1
2
0
0
1
0
0
0
0
1
0
0
1
1
0
98
4
0
1
2
0
0
0
1
0
0
0
1
0
0
1
1
0
99
2
1
0
2
0
1
0
0
0
0
0
1
1
0
0
0
1
100
3
0
1
2
0
0
0
1
0
0
0
1
0
0
1
1
0
101
2
1
0
2
0
0
0
1
0
0
0
1
1
0
0
0
1
102
1
1
0
2
0
0
0
1
0
0
0
1
0
1
0
1
0
103
1
1
0
2
0
1
0
0
0
0
0
1
0
1
0
0
1
104
1
1
0
2
0
0
1
0
0
0
0
1
1
0
0
1
0
105
2
1
0
2
0
0
0
1
1
0
0
0
1
0
0
0
1
106
3
0
1
2
0
0
0
1
0
0
0
1
0
0
1
1
0
107
3
0
1
2
0
0
0
1
0
0
0
1
1
0
0
1
0
108
2
1
0
2
0
0
0
1
0
0
0
1
0
0
1
0
1
109
2
1
0
1
1
1
0
0
0
0
0
1
0
1
0
0
1
110
3
0
1
2
0
0
0
1
0
0
0
1
0
0
1
0
1
111
2
1
0
2
0
1
0
0
0
0
0
1
1
0
0
1
0
112
1
1
0
2
0
1
0
0
0
0
0
1
1
0
0
0
1
113
2
1
0
2
0
0
0
1
0
0
0
1
1
0
0
0
1
114
3
0
1
2
0
1
0
0
0
0
0
1
0
1
0
1
0
115
3
0
1
1
1
1
0
0
0
0
0
1
0
1
0
0
1
116
2
1
0
2
0
0
1
0
0
1
0
0
1
0
0
0
1
117
2
1
0
2
0
0
1
0
0
0
0
1
1
0
0
0
1
118
3
0
1
2
0
0
1
0
0
0
0
1
0
1
0
1
0
119
2
1
0
2
0
0
1
0
0
0
0
1
1
0
0
0
1
120
3
0
1
2
0
0
1
0
0
0
0
1
1
0
0
0
1
121
2
1
0
2
0
0
1
0
0
0
0
1
1
0
0
1
0
122
2
1
0
2
0
0
1
0
0
0
0
1
1
0
0
0
1
123
3
0
1
2
0
1
0
0
0
0
0
1
0
1
0
1
0
124
1
1
0
2
0
0
1
0
0
0
0
1
1
0
0
1
0
125
1
1
0
2
0
0
1
0
1
0
0
0
1
0
0
0
1
126
3
0
1
2
0
1
0
0
0
0
0
1
0
0
1
0
1
127
4
0
1
2
0
0
1
0
0
0
0
1
1
0
0
1
0
128
2
1
0
2
0
1
0
0
0
0
0
1
1
0
0
0
1
129
1
1
0
2
0
0
1
0
0
0
0
1
0
1
0
0
1
130
3
0
1
2
0
0
1
0
0
0
0
1
1
0
0
0
1
131
4
0
1
2
0
1
0
0
0
0
0
1
0
0
1
1
0
132
4
0
1
2
0
1
0
0
0
0
0
1
1
0
0
0
1
133
3
0
1
2
0
0
1
0
0
0
0
1
1
0
0
0
1
134
1
1
0
2
0
0
1
0
1
0
0
0
1
0
0
0
1
135
4
0
1
2
0
1
0
0
0
0
0
1
1
0
0
0
1
136
2
1
0
2
0
0
1
0
0
0
0
1
1
0
0
1
0
137
3
0
1
2
0
1
0
0
0
0
0
1
0
1
0
1
0
138
1
1
0
2
0
1
0
0
1
0
0
0
1
0
0
0
1
139
3
0
1
1
1
0
0
1
0
0
0
1
0
1
0
1
0
140
2
1
0
2
0
1
0
0
0
0
0
1
0
0
1
1
0
141
1
1
0
1
1
0
1
0
0
0
0
1
1
0
0
1
0
142
3
0
1
2
0
1
0
0
0
0
0
1
0
0
1
1
0
143
2
1
0
2
0
1
0
0
0
0
0
1
1
0
0
0
1
144
3
0
1
2
0
0
1
0
0
0
0
1
1
0
0
0
1
145
1
1
0
2
0
0
1
0
0
0
0
1
1
0
0
1
0
146
2
1
0
2
0
1
0
0
1
0
0
0
1
0
0
0
1
147
2
1
0
2
0
0
1
0
1
0
0
0
0
1
0
1
0
148
3
0
1
2
0
1
0
0
0
0
0
1
0
1
0
1
0
149
4
0
1
2
0
0
1
0
0
0
0
1
0
0
1
0
1
150
2
1
0
2
0
0
1
0
0
0
0
1
0
1
0
1
0
151
2
1
0
2
0
1
0
0
0
0
0
1
0
0
1
0
1
152
3
0
1
2
0
0
1
0
0
0
0
1
0
0
1
1
0
153
1
1
0
2
0
1
0
0
1
0
0
0
0
1
0
1
0
154
2
1
0
2
0
1
0
0
0
0
0
1
1
0
0
0
1
155
2
1
0
2
0
1
0
0
0
0
1
0
0
1
0
1
0
156
2
1
0
2
0
0
0
1
0
0
0
1
0
1
0
0
1
157
3
0
1
2
0
0
0
1
0
0
0
1
1
0
0
1
0
158
1
1
0
2
0
0
1
0
0
0
0
1
1
0
0
1
0
159
3
0
1
2
0
0
1
0
0
0
0
1
0
0
1
0
1
160
3
0
1
1
1
0
0
1
0
0
0
1
0
1
0
1
0
161
2
1
0
2
0
0
1
0
0
0
0
1
1
0
0
1
0
162
3
0
1
1
1
0
0
1
0
0
0
1
1
0
0
1
0
163
3
0
1
2
0
0
0
1
0
0
0
1
0
1
0
0
1
164
3
0
1
2
0
0
1
0
1
0
0
0
0
0
1
0
1
165
3
0
1
2
0
1
0
0
0
0
0
1
0
1
0
1
0
166
3
0
1
2
0
0
0
1
0
0
0
1
0
1
0
0
1
167
3
0
1
2
0
1
0
0
0
0
0
1
0
1
0
1
0
168
3
0
1
2
0
0
1
0
0
0
0
1
1
0
0
1
0
169
2
1
0
2
0
0
1
0
0
0
0
1
1
0
0
0
1
170
1
1
0
2
0
0
0
1
1
0
0
0
1
0
0
0
1
171
3
0
1
2
0
0
1
0
0
0
0
1
0
0
1
0
1
172
4
0
1
2
0
1
0
0
0
0
0
1
0
0
1
0
1
173
1
1
0
2
0
0
1
0
1
0
0
0
0
0
1
1
0
174
4
0
1
2
0
1
0
0
0
0
0
1
1
0
0
0
1
175
2
1
0
2
0
1
0
0
0
0
0
1
1
0
0
0
1
176
3
0
1
2
0
1
0
0
0
0
0
1
0
0
1
0
1
177
3
0
1
2
0
1
0
0
0
0
0
1
1
0
0
0
1
178
2
1
0
2
0
0
0
1
0
0
0
1
0
1
0
0
1
179
2
1
0
2
0
0
0
1
0
0
0
1
0
0
1
1
0
180
2
1
0
2
0
0
0
1
0
0
0
1
1
0
0
0
1
181
3
0
1
1
1
0
0
1
0
0
0
1
1
0
0
0
1
182
3
0
1
1
1
0
1
0
0
1
0
0
0
0
1
1
0
183
3
0
1
2
0
0
1
0
0
0
0
1
1
0
0
0
1
184
3
0
1
2
0
1
0
0
1
0
0
0
1
0
0
0
1
185
3
0
1
2
0
0
1
0
0
0
0
1
0
0
1
0
1
186
3
0
1
2
0
0
0
1
0
0
0
1
0
0
1
1
0
187
1
1
0
2
0
0
1
0
0
0
0
1
1
0
0
1
0
188
1
1
0
2
0
1
0
0
0
0
1
0
0
0
1
0
1
189
4
0
1
2
0
0
1
0
0
0
0
1
0
0
1
1
0
190
4
0
1
1
1
0
0
1
0
0
0
1
0
0
1
1
0
191
3
0
1
2
0
0
1
0
0
0
0
1
1
0
0
0
1
192
4
0
1
2
0
0
1
0
0
0
0
1
0
0
1
0
1
193
4
0
1
2
0
0
1
0
0
0
0
1
0
0
1
1
0
194
3
0
1
2
0
1
0
0
0
0
0
1
0
0
1
1
0
195
2
1
0
2
0
0
1
0
0
0
0
1
1
0
0
0
1
196
2
1
0
2
0
1
0
0
0
0
0
1
0
1
0
0
1
197
2
1
0
2
0
0
0
1
0
0
0
1
0
0
1
0
1
198
3
0
1
1
1
0
0
1
0
0
0
1
0
0
1
1
0
199
2
1
0
2
0
0
0
1
0
0
0
1
0
0
1
1
0
200
2
1
0
2
0
1
0
0
0
0
0
1
0
1
0
0
1
201
2
1
0
2
0
1
0
0
0
0
0
1
1
0
0
1
0
202
3
0
1
2
0
1
0
0
0
0
0
1
0
1
0
1
0
203
1
1
0
2
0
1
0
0
0
0
0
1
0
0
1
1
0
204
2
1
0
2
0
0
0
1
0
0
0
1
1
0
0
1
0
205
4
0
1
1
1
1
0
0
0
0
0
1
0
0
1
1
0
206
1
1
0
2
0
0
1
0
0
0
0
1
1
0
0
1
0
207
1
1
0
1
1
1
0
0
0
0
0
1
1
0
0
1
0
Showing 57 to 78 of 420 entries, 17 total columns
